wl	n
2.5000	1.362
2.5063	1.361
2.5126	1.361
2.5189	1.361
2.5253	1.361
2.5316	1.363
2.5381	1.361
2.5445	1.363
2.5510	1.361
2.5575	1.360
2.5641	1.360
2.5707	1.359
2.5773	1.357
2.5840	1.358
2.5907	1.358
2.5974	1.358
2.6042	1.361
2.6110	1.355
2.6178	1.358
2.6247	1.358
2.6316	1.359
2.6385	1.355
2.6455	1.353
2.6525	1.350
2.6596	1.349
2.6667	1.349
2.6738	1.343
2.6810	1.336
2.6882	1.330
2.6954	1.311
2.7027	1.306
2.7100	1.333
2.7174	1.346
2.7248	1.346
2.7322	1.350
2.7397	1.355
2.7473	1.353
2.7548	1.334
2.7624	1.396
2.7701	1.424
2.7778	1.397
2.7855	1.394
2.7933	1.386
2.8011	1.383
2.8090	1.379
2.8169	1.381
2.8249	1.379
2.8329	1.378
2.8409	1.377
2.8490	1.376
2.8571	1.376
2.8653	1.374
2.8736	1.374
2.8818	1.374
2.8902	1.374
2.8986	1.374
2.9070	1.374
2.9155	1.374
2.9240	1.374
2.9326	1.374
2.9412	1.374
2.9499	1.374
2.9586	1.374
2.9674	1.374
2.9762	1.374
2.9851	1.373
2.9940	1.373
3.0030	1.374
3.0120	1.374
3.0211	1.374
3.0303	1.374
3.0395	1.374
3.0488	1.374
3.0581	1.374
3.0675	1.374
3.0769	1.374
3.0864	1.374
3.0960	1.374
3.1056	1.374
3.1153	1.375
3.1250	1.375
3.1348	1.375
3.1447	1.375
3.1546	1.375
3.1646	1.375
3.1746	1.375
3.1847	1.375
3.1949	1.375
3.2051	1.375
3.2154	1.374
3.2258	1.375
3.2362	1.375
3.2468	1.375
3.2573	1.375
3.2680	1.375
3.2787	1.375
3.2895	1.375
3.3003	1.375
3.3113	1.375
3.3223	1.375
3.3333	1.376
3.3445	1.376
3.3557	1.376
3.3670	1.376
3.3784	1.376
3.3898	1.376
3.4014	1.376
3.4130	1.376
3.4247	1.376
3.4364	1.376
3.4483	1.376
3.4602	1.377
3.4722	1.377
3.4843	1.377
3.4965	1.377
3.5088	1.377
3.5211	1.377
3.5336	1.377
3.5461	1.377
3.5587	1.378
3.5714	1.378
3.5842	1.378
3.5971	1.378
3.6101	1.378
3.6232	1.378
3.6364	1.378
3.6496	1.378
3.6630	1.378
3.6765	1.378
3.6900	1.378
3.7037	1.378
3.7175	1.377
3.7313	1.378
3.7453	1.378
3.7594	1.378
3.7736	1.378
3.7879	1.376
3.8023	1.378
3.8168	1.379
3.8314	1.379
3.8462	1.378
3.8610	1.378
3.8760	1.378
3.8911	1.378
3.9063	1.378
3.9216	1.378
3.9370	1.378
3.9526	1.378
3.9683	1.377
3.9841	1.377
4.0000	1.377
4.0161	1.377
4.0323	1.377
4.0486	1.377
4.0650	1.376
4.0816	1.376
4.0984	1.376
4.1152	1.375
4.1322	1.375
4.1494	1.374
4.1667	1.374
4.1841	1.373
4.2017	1.373
4.2194	1.373
4.2373	1.372
4.2553	1.372
4.2735	1.372
4.2918	1.371
4.3103	1.371
4.3290	1.370
4.3478	1.370
4.3668	1.369
4.3860	1.369
4.4053	1.368
4.4248	1.368
4.4444	1.367
4.4643	1.367
4.4843	1.366
4.5045	1.366
4.5249	1.365
4.5455	1.365
4.5662	1.364
4.5872	1.363
4.6083	1.363
4.6296	1.362
4.6512	1.361
4.6729	1.361
4.6948	1.360
4.7170	1.359
4.7393	1.359
4.7619	1.358
4.7847	1.358
4.8077	1.358
4.8309	1.357
4.8544	1.356
4.8780	1.356
4.9020	1.356
4.9261	1.355
4.9505	1.355
4.9751	1.355
5.0000	1.355
5.0251	1.354
5.0505	1.354
5.0761	1.354
5.1020	1.353
5.1282	1.352
5.1546	1.352
5.1813	1.351
5.2083	1.351
5.2356	1.350
5.2632	1.349
5.2910	1.349
5.3191	1.348
5.3476	1.347
5.3763	1.346
5.4054	1.346
5.4348	1.345
5.4645	1.344
5.4945	1.342
5.5249	1.341
5.5556	1.340
5.5866	1.339
5.6180	1.338
5.6497	1.336
5.6818	1.335
5.7143	1.334
5.7471	1.332
5.7803	1.331
5.8140	1.329
5.8480	1.327
5.8824	1.325
5.9172	1.323
5.9524	1.322
5.9680	1.320
6.0241	1.318
6.0606	1.317
6.0976	1.315
6.1350	1.312
6.1728	1.311
6.2112	1.309
6.2500	1.306
6.2893	1.303
6.3291	1.301
6.3694	1.299
6.4103	1.296
6.4516	1.293
6.4935	1.291
6.5359	1.287
6.5789	1.284
6.6225	1.281
6.6667	1.276
6.7114	1.273
6.7568	1.269
6.8027	1.264
6.8493	1.260
6.8966	1.256
6.9444	1.252
6.9930	1.246
7.0423	1.242
7.0922	1.235
7.1429	1.230
7.1942	1.224
7.2464	1.218
7.2993	1.211
7.3529	1.203
7.4074	1.195
7.4627	1.184
7.5188	1.174
7.5758	1.166
7.6336	1.159
7.6923	1.148
7.7519	1.137
7.8125	1.123
7.8740	1.107
7.9365	1.092
8.0000	1.076
8.0645	1.057
8.1301	1.033
8.1967	1.008
8.2645	0.982
8.3333	0.950
8.4034	0.910
8.4746	0.863
8.5470	0.806
8.6207	0.718
8.6957	0.597
8.7719	0.512
8.8496	0.546
8.9286	0.729
9.0090	0.757
9.0909	0.567
9.1743	0.413
9.2593	0.371
9.3458	0.429
9.4340	0.572
9.5238	0.869
9.6154	1.602
9.7087	2.302
9.8039	2.340
9.9010	2.446
10.0000	2.760
10.1010	2.490
10.2041	2.073
10.3093	1.833
10.4167	1.649
10.5263	1.566
10.6383	1.550
10.7527	1.623
10.8696	1.842
10.9890	2.116
11.1111	2.174
11.2360	1.994
11.3636	1.869
11.4943	1.789
11.6279	1.723
11.7647	1.667
11.9048	1.616
12.0482	1.565
12.1951	1.508
12.3457	1.461
12.6582	1.472
12.8205	1.471
12.9870	1.428
13.1579	1.389
13.3333	1.373
13.5135	1.359
13.6986	1.319
13.8889	1.248
14.0845	1.184
14.2857	1.145
14.4928	1.128
14.7059	1.111
14.9254	1.072
15.1515	1.023
15.3846	0.979
15.6250	0.909
15.8730	0.803
16.1290	0.724
16.3934	0.698
16.6667	0.718
16.9492	0.753
17.2414	0.807
17.5439	0.936
17.8571	1.176
18.1818	1.622
18.5185	2.363
18.8679	2.947
19.2308	2.729
19.6078	2.222
20.0000	1.837
20.4082	1.370
20.8333	1.316
21.2766	2.158
21.7391	2.797
22.2222	2.321
22.7273	1.928
23.2558	2.279
23.8095	2.583
24.3902	2.598
25.0000	2.527
25.6410	2.278
26.3158	2.109
27.0270	2.006
27.7778	1.922
28.5714	1.754
29.4118	2.403
30.3030	2.549
31.2500	2.462
32.2581	2.324
33.3333	2.210
34.4828	2.054
35.7143	2.052
37.0370	2.641
38.4615	2.609
40.0000	2.423
41.6667	2.368
43.4783	2.343
45.4545	2.301
47.6190	2.212
50.0000	2.077
52.6316	2.339
55.5556	2.382
58.8235	2.368
62.5000	2.315
66.6667	2.286
71.4286	2.286
76.9231	2.304
83.3333	2.372
90.9091	2.396
100.0000	2.362
111.1111	2.320
125.0000	2.286
142.8571	2.253
166.6667	2.253
200.0000	2.287

wl	k
2.5000	0.000
2.5063	0.000
2.5126	0.003
2.5189	0.001
2.5253	0.005
2.5316	0.005
2.5381	0.003
2.5445	0.006
2.5510	0.003
2.5575	0.006
2.5641	0.005
2.5707	0.005
2.5773	0.008
2.5840	0.008
2.5907	0.010
2.5974	0.010
2.6042	0.008
2.6110	0.010
2.6178	0.010
2.6247	0.012
2.6316	0.008
2.6385	0.007
2.6455	0.008
2.6525	0.009
2.6596	0.010
2.6667	0.011
2.6738	0.005
2.6810	0.012
2.6882	0.008
2.6954	0.019
2.7027	0.049
2.7100	0.067
2.7174	0.059
2.7248	0.056
2.7322	0.063
2.7397	0.061
2.7473	0.058
2.7548	0.077
2.7624	0.123
2.7701	0.048
2.7778	0.040
2.7855	0.035
2.7933	0.032
2.8011	0.032
2.8090	0.034
2.8169	0.035
2.8249	0.033
2.8329	0.034
2.8409	0.032
2.8490	0.034
2.8571	0.033
2.8653	0.034
2.8736	0.035
2.8818	0.036
2.8902	0.036
2.8986	0.036
2.9070	0.037
2.9155	0.037
2.9240	0.037
2.9326	0.037
2.9412	0.037
2.9499	0.038
2.9586	0.038
2.9674	0.038
2.9762	0.038
2.9851	0.038
2.9940	0.040
3.0030	0.039
3.0120	0.040
3.0211	0.040
3.0303	0.040
3.0395	0.041
3.0488	0.041
3.0581	0.041
3.0675	0.041
3.0769	0.042
3.0864	0.042
3.0960	0.042
3.1056	0.043
3.1153	0.043
3.1250	0.043
3.1348	0.043
3.1447	0.044
3.1546	0.044
3.1646	0.044
3.1746	0.044
3.1847	0.044
3.1949	0.044
3.2051	0.045
3.2154	0.045
3.2258	0.046
3.2362	0.046
3.2468	0.046
3.2573	0.046
3.2680	0.047
3.2787	0.048
3.2895	0.048
3.3003	0.048
3.3113	0.048
3.3223	0.049
3.3333	0.049
3.3445	0.049
3.3557	0.049
3.3670	0.049
3.3784	0.049
3.3898	0.050
3.4014	0.050
3.4130	0.050
3.4247	0.050
3.4364	0.051
3.4483	0.051
3.4602	0.051
3.4722	0.051
3.4843	0.052
3.4965	0.052
3.5088	0.052
3.5211	0.052
3.5336	0.052
3.5461	0.053
3.5587	0.053
3.5714	0.053
3.5842	0.053
3.5971	0.053
3.6101	0.053
3.6232	0.053
3.6364	0.053
3.6496	0.053
3.6630	0.053
3.6765	0.054
3.6900	0.054
3.7037	0.054
3.7175	0.054
3.7313	0.055
3.7453	0.055
3.7594	0.055
3.7736	0.055
3.7879	0.055
3.8023	0.055
3.8168	0.055
3.8314	0.055
3.8462	0.054
3.8610	0.055
3.8760	0.055
3.8911	0.055
3.9063	0.055
3.9216	0.055
3.9370	0.055
3.9526	0.055
3.9683	0.055
3.9841	0.055
4.0000	0.055
4.0161	0.055
4.0323	0.055
4.0486	0.055
4.0650	0.054
4.0816	0.054
4.0984	0.055
4.1152	0.054
4.1322	0.055
4.1494	0.054
4.1667	0.054
4.1841	0.054
4.2017	0.055
4.2194	0.055
4.2373	0.055
4.2553	0.055
4.2735	0.055
4.2918	0.055
4.3103	0.055
4.3290	0.055
4.3478	0.056
4.3668	0.056
4.3860	0.056
4.4053	0.056
4.4248	0.056
4.4444	0.056
4.4643	0.057
4.4843	0.057
4.5045	0.057
4.5249	0.057
4.5455	0.057
4.5662	0.058
4.5872	0.058
4.6083	0.058
4.6296	0.059
4.6512	0.059
4.6729	0.060
4.6948	0.060
4.7170	0.060
4.7393	0.061
4.7619	0.062
4.7847	0.062
4.8077	0.062
4.8309	0.063
4.8544	0.064
4.8780	0.064
4.9020	0.065
4.9261	0.065
4.9505	0.066
4.9751	0.066
5.0000	0.066
5.0251	0.066
5.0505	0.066
5.0761	0.067
5.1020	0.067
5.1282	0.067
5.1546	0.067
5.1813	0.067
5.2083	0.068
5.2356	0.067
5.2632	0.068
5.2910	0.068
5.3191	0.068
5.3476	0.068
5.3763	0.068
5.4054	0.068
5.4348	0.068
5.4645	0.067
5.4945	0.067
5.5249	0.068
5.5556	0.067
5.5866	0.068
5.6180	0.068
5.6497	0.068
5.6818	0.068
5.7143	0.068
5.7471	0.068
5.7803	0.068
5.8140	0.068
5.8480	0.068
5.8824	0.068
5.9172	0.068
5.9524	0.069
5.9680	0.070
6.0241	0.070
6.0606	0.070
6.0976	0.070
6.1350	0.070
6.1728	0.070
6.2112	0.070
6.2500	0.071
6.2893	0.071
6.3291	0.071
6.3694	0.071
6.4103	0.072
6.4516	0.072
6.4935	0.072
6.5359	0.072
6.5789	0.072
6.6225	0.072
6.6667	0.072
6.7114	0.072
6.7568	0.073
6.8027	0.073
6.8493	0.074
6.8966	0.075
6.9444	0.075
6.9930	0.075
7.0423	0.075
7.0922	0.076
7.1429	0.076
7.1942	0.077
7.2464	0.077
7.2993	0.078
7.3529	0.078
7.4074	0.078
7.4627	0.079
7.5188	0.083
7.5758	0.086
7.6336	0.088
7.6923	0.088
7.7519	0.088
7.8125	0.088
7.8740	0.091
7.9365	0.093
8.0000	0.096
8.0645	0.097
8.1301	0.098
8.1967	0.106
8.2645	0.110
8.3333	0.113
8.4034	0.120
8.4746	0.131
8.5470	0.144
8.6207	0.162
8.6957	0.242
8.7719	0.408
8.8496	0.620
8.9286	0.702
9.0090	0.566
9.0909	0.575
9.1743	0.771
9.2593	1.052
9.3458	1.355
9.4340	1.682
9.5238	2.074
9.6154	2.354
9.7087	1.845
9.8039	1.396
9.9010	1.254
10.0000	0.845
10.1010	0.216
10.2041	0.117
10.3093	0.144
10.4167	0.236
10.5263	0.377
10.6383	0.515
10.7527	0.676
10.8696	0.762
10.9890	0.633
11.1111	0.297
11.2360	0.119
11.3636	0.090
11.4943	0.073
11.6279	0.065
11.7647	0.062
11.9048	0.061
12.0482	0.062
12.1951	0.074
12.3457	0.113
12.6582	0.172
12.8205	0.144
12.9870	0.127
13.1579	0.142
13.3333	0.155
13.5135	0.148
13.6986	0.127
13.8889	0.130
14.0845	0.168
14.2857	0.222
14.4928	0.266
14.7059	0.289
14.9254	0.307
15.1515	0.343
15.3846	0.382
15.6250	0.417
15.8730	0.501
16.1290	0.653
16.3934	0.834
16.6667	1.014
16.9492	1.189
17.2414	1.404
17.5439	1.659
17.8571	1.936
18.1818	2.190
18.5185	2.159
18.8679	1.440
19.2308	0.661
19.6078	0.377
20.0000	0.396
20.4082	0.613
20.8333	1.379
21.2766	1.866
21.7391	0.957
22.2222	0.566
22.7273	0.777
23.2558	1.227
23.8095	0.883
24.3902	0.654
25.0000	0.344
25.6410	0.269
26.3158	0.313
27.0270	0.403
27.7778	0.447
28.5714	0.908
29.4118	0.903
30.3030	0.619
31.2500	0.437
32.2581	0.316
33.3333	0.325
34.4828	0.390
35.7143	0.799
37.0370	0.689
38.4615	0.294
40.0000	0.214
41.6667	0.230
43.4783	0.206
45.4545	0.171
47.6190	0.148
50.0000	0.286
52.6316	0.424
55.5556	0.279
58.8235	0.196
62.5000	0.168
66.6667	0.173
71.4286	0.197
76.9231	0.212
83.3333	0.206
90.9091	0.111
100.0000	0.059
111.1111	0.033
125.0000	0.026
142.8571	0.035
166.6667	0.073
200.0000	0.067
